[gd_resource type="SkeletonProfile" format=3 uid="uid://bqjxb5wisuh0v"]

[resource]
group_size = 1
bone_size = 12
groups/0/group_name = &""
bones/0/bone_name = &"IP_NYYD_F_HAIR_4"
bones/0/bone_parent = &""
bones/0/tail_direction = 0
bones/0/reference_pose = Transform3D(1, 0, 0, 0, 1, 0, 0, 0, 1, 0, 0, 0)
bones/0/handle_offset = Vector2(0.5, 0.65296)
bones/0/group = &""
bones/0/require = false
bones/1/bone_name = &"head"
bones/1/bone_parent = &"IP_NYYD_F_HAIR_4"
bones/1/tail_direction = 0
bones/1/reference_pose = Transform3D(1, 3.24867e-09, 7.01207e-10, -3.24867e-09, 1, 5.81365e-15, -7.01207e-10, -5.81593e-15, 1, 4.38406e-23, -1.77636e-17, 0)
bones/1/handle_offset = Vector2(0.5, 0.65296)
bones/1/group = &""
bones/1/require = false
bones/2/bone_name = &"hairAll"
bones/2/bone_parent = &"head"
bones/2/tail_direction = 0
bones/2/reference_pose = Transform3D(1, 0, 0, 0, 1, 0, 0, 0, 1, 5.33466e-10, 0.08, 0.00381939)
bones/2/handle_offset = Vector2(0.5, 0.223073)
bones/2/group = &""
bones/2/require = false
bones/3/bone_name = &"hairA_00_C_physics_9_10_20"
bones/3/bone_parent = &"hairAll"
bones/3/tail_direction = 0
bones/3/reference_pose = Transform3D(0, 0, 1, -0.991316, 0.131501, 0, -0.131501, -0.991316, 0, 0.0837429, -0.0218869, 0.0755703)
bones/3/handle_offset = Vector2(0.95, 0.340684)
bones/3/group = &""
bones/3/require = false
bones/4/bone_name = &"hairA_01_C"
bones/4/bone_parent = &"hairA_00_C_physics_9_10_20"
bones/4/tail_direction = 0
bones/4/reference_pose = Transform3D(0, -0.991316, -0.131501, 0, 0.131501, -0.991316, 1, 0, 0, 0.0610014, -6.03554e-09, 1.0842e-17)
bones/4/handle_offset = Vector2(0.95, 0.665634)
bones/4/group = &""
bones/4/require = false
bones/5/bone_name = &"hairB_00_C_physics_9_10_20"
bones/5/bone_parent = &"hairAll"
bones/5/tail_direction = 0
bones/5/reference_pose = Transform3D(0, 0, 1, 0.991316, -0.131501, 0, 0.131501, 0.991316, 0, -0.0837429, -0.0218869, 0.0755703)
bones/5/handle_offset = Vector2(0.05, 0.340684)
bones/5/group = &""
bones/5/require = false
bones/6/bone_name = &"hairB_01_C"
bones/6/bone_parent = &"hairB_00_C_physics_9_10_20"
bones/6/tail_direction = 0
bones/6/reference_pose = Transform3D(0, -0.991316, -0.131501, 0, 0.131501, -0.991316, 1, 0, 0, -0.0610014, 4.30296e-08, -6.50521e-17)
bones/6/handle_offset = Vector2(0.05, 0.665634)
bones/6/group = &""
bones/6/require = false
bones/7/bone_name = &"hairC_00_C_physics_9_10_21"
bones/7/bone_parent = &"hairAll"
bones/7/tail_direction = 0
bones/7/reference_pose = Transform3D(0, 0, 1, -0.946829, 0.321738, 0, -0.321738, -0.946829, 0, -5.33466e-10, -0.0663318, -0.065111)
bones/7/handle_offset = Vector2(0.5, 0.579513)
bones/7/group = &""
bones/7/require = false
bones/8/bone_name = &"hairC_01_C"
bones/8/bone_parent = &"hairC_00_C_physics_9_10_21"
bones/8/tail_direction = 0
bones/8/reference_pose = Transform3D(0, -0.946829, -0.321738, 2.98023e-08, 0.321738, -0.946829, 1, 8.9407e-08, 0, 0.0612121, 3.96184e-09, -1.84935e-17)
bones/8/handle_offset = Vector2(0.5, 0.890952)
bones/8/group = &""
bones/8/require = false
bones/9/bone_name = &"headUpper"
bones/9/bone_parent = &"hairAll"
bones/9/tail_direction = 0
bones/9/reference_pose = Transform3D(1, 0, 0, 0, 1, 0, 0, 0, 1, -4.66849e-14, 0.0212196, 2.32831e-10)
bones/9/handle_offset = Vector2(0.5, 0.109048)
bones/9/group = &""
bones/9/require = false
bones/10/bone_name = &"foreHead"
bones/10/bone_parent = &"headUpper"
bones/10/tail_direction = 0
bones/10/reference_pose = Transform3D(1, 0, 0, 0, 1, 0, 0, 0, 1, 0, 0, 0.01)
bones/10/handle_offset = Vector2(0.5, 0.109048)
bones/10/group = &""
bones/10/require = false
bones/11/bone_name = &"jBone"
bones/11/bone_parent = &"hairAll"
bones/11/tail_direction = 0
bones/11/reference_pose = Transform3D(1, 0, 0, 0, 1, 0, 0, 0, 1, -5.55112e-17, -0.0195761, 0)
bones/11/handle_offset = Vector2(0.5, 0.328267)
bones/11/group = &""
bones/11/require = false
